Ngày,KLNY,KLCPĐLH,Tham chiếu,Trần,Sàn,Tổng KLGD,Tổng GTGD,Vốn hóa TT,Mở cửa,Đóng cửa,Cao nhất,Thấp nhất,Chênh lệch,Bình quân,Giá đóng cửa điều chỉnh,+/- giá,+/- % giá,BQ mua,BQ bán,Dư mua,Dư bán,Khớp lệnh,Khớp lệnh,Tổng lệnh đặt,Tổng lệnh đặt,Tổng lệnh đặt,Tổng KL đặt,Tổng KL đặt,Tổng KL đặt,Thỏa thuận,Thỏa thuận
Ngày,KLNY,KLCPĐLH,Tham chiếu,Trần,Sàn,Tổng KLGD,Tổng GTGD,Vốn hóa TT,Mở cửa,Đóng cửa,Cao nhất,Thấp nhất,Chênh lệch,Bình quân,Giá đóng cửa điều chỉnh,+/- giá,+/- % giá,BQ mua,BQ bán,Dư mua,Dư bán,KL,GT,Mua,Bán,Mua - Bán,Mua,Bán,Mua - Bán,KL,GT
27/09/2024,35650000,42779916,9800,10700,8900,90952,889,415,9800,9700,9900,9700,200,9778,9700,-100.0,-1.02,1085,1974,225948,382848.0,90952,889,292,240,52,316900,473800,-156900,-,
26/09/2024,35650000,42779916,10000,11000,9000,273135,2679,419,9900,9800,9900,9800,100,9810,9800,-200.0,-2.0,2138,3207,406865,669765.0,273135,2679,318,294,24,680000,942900,-262900,-,
25/09/2024,35650000,42779916,10100,11100,9100,575369,5832,428,10100,10000,10200,9900,300,10137,10000,-100.0,-0.99,4399,3352,383531,879431.0,575369,5832,218,434,-216,958900,1454800,-495900,-,
24/09/2024,35650000,42779916,10000,11000,9000,395804,3959,432,9900,10100,10100,9800,300,9940,10100,100.0,1.0,6416,3052,617996,553396.0,395804,3959,158,311,-153,1013800,949200,64600,-,
23/09/2024,35650000,42779916,9900,10800,9000,272255,2695,428,9800,10000,10000,9700,300,9870,10000,100.0,1.01,5088,2697,577445,571945.0,272255,2695,167,313,-146,849700,844200,5500,-,
20/09/2024,35650000,42779916,9800,10700,8900,562851,5477,424,9900,9900,9900,9700,200,9720,9900,100.0,1.02,3378,4240,433749,692049.0,562851,5477,295,296,-1,996600,1254900,-258300,-,
19/09/2024,35650000,42779916,9900,10800,9000,142995,1402,419,9800,9800,9900,9700,200,9804,9800,-100.0,-1.01,2188,3191,401705,718705.0,142995,1402,249,270,-21,544700,861700,-317000,-,
18/09/2024,35650000,42779916,9900,10800,9000,1028472,10251,424,9800,9900,10100,9800,300,9969,9900,,,5747,4439,327828,902628.0,1028472,10251,236,435,-199,1356300,1931100,-574800,-,
17/09/2024,35650000,42779916,9700,10600,8800,456726,4449,424,9700,9900,9900,9600,300,9712,9900,200.0,2.06,4826,3844,465074,558074.0,456726,4449,191,264,-73,921800,1014800,-93000,-,
16/09/2024,35650000,42779916,9500,10400,8600,248640,2381,415,9500,9700,9700,9400,300,9568,9700,200.0,2.11,2256,3739,333360,663660.0,248640,2381,258,244,14,582000,912300,-330300,-,
13/09/2024,35650000,42779916,9500,10400,8600,470181,4459,406,9500,9500,9600,9400,200,9483,9500,,,1947,5810,217119,750019.0,470181,4459,353,210,143,687300,1220200,-532900,-,
12/09/2024,35650000,42779916,9600,10500,8700,604020,5759,406,9700,9500,9700,9500,200,9538,9500,-100.0,-1.04,1656,6989,232380,905580.0,604020,5759,505,216,289,836400,1509600,-673200,-,
11/09/2024,35650000,42779916,9900,10800,9000,677481,6616,411,9900,9600,9900,9600,300,9790,9600,-300.0,-3.03,1622,6349,174219,839919.0,677481,6616,525,239,286,851700,1517400,-665700,-,
10/09/2024,35650000,42779916,10100,11100,9100,664414,6646,424,10100,9900,10200,9900,300,10010,9900,-200.0,-1.98,1936,5145,200786,760786.0,664414,6646,447,277,170,865200,1425200,-560000,-,
09/09/2024,35650000,42779916,10100,11100,9100,161609,1630,432,10100,10100,10100,10000,100,10087,10100,,,2029,3841,424791,637291.0,161609,1630,289,208,81,586400,798900,-212500,-,
06/09/2024,35650000,42779916,10000,11000,9000,549013,5631,432,10100,10100,10500,10100,400,10302,10100,100.0,1.0,2844,3654,437887,1296187.0,549013,5631,347,505,-158,986900,1845200,-858300,-,
05/09/2024,35650000,42779916,10100,11100,9100,173451,1749,428,10100,10000,10200,10000,200,10101,10000,-100.0,-0.99,2152,2939,491549,520149.0,173451,1749,309,236,73,665000,693600,-28600,-,
04/09/2024,35650000,42779916,10200,11200,9200,299370,3023,432,10100,10100,10200,10000,200,10098,10100,-100.0,-0.98,2062,3380,556330,467930.0,299370,3023,415,227,188,855700,767300,88400,-,
30/08/2024,35650000,42779916,10400,11400,9400,282417,2867,436,10200,10200,10300,10100,200,10150,10200,-200.0,-1.92,2515,3387,778783,821683.0,282417,2867,422,326,96,1061200,1104100,-42900,-,
29/08/2024,35650000,42779916,10500,11500,9500,794560,8263,445,10500,10400,10600,10200,400,10400,10400,-100.0,-0.95,4316,3875,750640,863940.0,794560,8263,358,428,-70,1545200,1658500,-113300,-,
28/08/2024,35650000,42779916,10300,11300,9300,958721,9883,449,10300,10500,10500,10100,400,10267,10500,200.0,1.94,5004,3657,737779,409079.0,958721,9883,339,374,-35,1696500,1367800,328700,-,
27/08/2024,35650000,42779916,10200,11200,9200,751117,7596,441,10200,10300,10300,10000,300,10109,10300,100.0,0.98,3955,3505,803283,514083.0,751117,7596,393,361,32,1554400,1265200,289200,-,
26/08/2024,35650000,42779916,10000,11000,9000,621535,6279,436,10000,10200,10200,10000,200,10097,10200,200.0,2.0,3430,3778,476165,500465.0,621535,6279,320,297,23,1097700,1122000,-24300,-,
23/08/2024,35650000,42779916,10100,11100,9100,170980,1721,428,10200,10000,10200,10000,200,10082,10000,-100.0,-0.99,1618,3377,464920,514620.0,170980,1721,393,203,190,635900,685600,-49700,-,
22/08/2024,35650000,42779916,10100,11100,9100,392011,3961,432,10100,10100,10200,10000,200,10104,10100,,,2597,3841,716889,479989.0,392011,3961,427,227,200,1108900,872000,236900,-,
21/08/2024,35650000,35650000,10200,11200,9200,273988,2773,360,10200,10100,10200,10100,100,10124,10100,-100.0,-0.98,1782,4368,481712,634512.0,273988,2773,424,208,216,755700,908500,-152800,-,
20/08/2024,35650000,35650000,10200,11200,9200,354810,3622,364,10200,10200,10300,10100,200,10209,10200,,,2242,3666,505990,546990.0,354810,3622,384,246,138,860800,901800,-41000,-,
19/08/2024,35650000,35650000,10300,11300,9300,250392,2570,364,10400,10200,10400,10200,200,10293,10200,-100.0,-0.97,3018,3266,510208,637908.0,250392,2570,252,272,-20,760600,888300,-127700,-,
16/08/2024,35650000,35650000,10200,11200,9200,828233,8566,367,10100,10300,10500,10100,400,10344,10300,100.0,0.98,3202,3252,436467,521167.0,828233,8566,395,415,-20,1264700,1349400,-84700,-,
15/08/2024,35650000,35650000,10200,11200,9200,232422,2369,364,10200,10200,10400,10100,300,10190,10200,,,2436,2539,383778,575078.0,232422,2369,253,318,-65,616200,807500,-191300,-,
14/08/2024,35650000,35650000,10000,11000,9000,734066,7367,364,10100,10200,10200,9900,300,10024,10200,200.0,2.0,3498,5388,689734,736934.0,734066,7367,407,273,134,1423800,1471000,-47200,-,
13/08/2024,35650000,35650000,10100,11100,9100,396671,4003,357,10300,10000,10400,10000,400,10097,10000,-100.0,-0.99,2010,4008,439429,605429.0,396671,4003,416,250,166,836100,1002100,-166000,-,
12/08/2024,35650000,35650000,10200,11200,9200,165608,1679,360,10200,10100,10200,10100,100,10142,10100,-100.0,-0.98,1883,3697,344692,536792.0,165608,1679,271,190,81,510300,702400,-192100,-,
09/08/2024,35650000,35650000,10300,11300,9300,198990,2023,364,10300,10200,10300,10100,200,10165,10200,-100.0,-0.97,1876,2648,491210,444510.0,198990,2023,368,243,125,690200,643500,46700,-,
08/08/2024,35650000,35650000,10400,11400,9400,223587,2275,367,10300,10300,10300,10100,200,10158,10300,-100.0,-0.96,1862,2577,430113,441213.0,223587,2275,351,258,93,653700,664800,-11100,-,
07/08/2024,35650000,35650000,10500,11500,9500,1024567,10689,371,10400,10400,10600,10200,400,10434,10400,-100.0,-0.95,5358,4386,539833,624633.0,1024567,10689,292,376,-84,1564400,1649200,-84800,-,
06/08/2024,35650000,35650000,10100,11100,9100,871106,8946,374,10000,10500,10500,10000,500,10247,10500,400.0,3.96,7186,3744,1047494,428194.0,871106,8946,267,347,-80,1918600,1299300,619300,-,
05/08/2024,35650000,35650000,10300,11300,9300,1141626,11465,360,10300,10100,10300,9800,500,10037,10100,-200.0,-1.94,3972,4433,447074,321274.0,1141626,11465,400,330,70,1588700,1462900,125800,-,
02/08/2024,35650000,35650000,10000,11000,9000,1084533,10910,367,10000,10300,10300,9900,400,10048,10300,300.0,3.0,2945,4678,561867,323467.0,1084533,10910,559,301,258,1646400,1408000,238400,-,
01/08/2024,35650000,35650000,10500,11500,9500,784382,7929,357,10400,10000,10500,9900,600,10113,10000,-500.0,-4.76,1954,5507,435018,911818.0,784382,7929,624,308,316,1219400,1696200,-476800,-,
31/07/2024,35650000,35650000,10700,11700,9700,580647,6094,374,10700,10500,10800,10400,400,10494,10500,-200.0,-1.87,3668,3940,607653,502853.0,580647,6094,324,275,49,1188300,1083500,104800,-,
30/07/2024,35650000,35650000,10900,11900,9900,748184,7927,381,10800,10700,10900,10500,400,10593,10700,-200.0,-1.83,3632,3619,828316,435316.0,748184,7927,434,327,107,1576500,1183500,393000,-,
29/07/2024,35650000,35650000,10800,11800,9800,1573194,17169,389,10700,10900,11000,10700,300,10914,10900,100.0,0.93,6094,4223,846306,441006.0,1573194,17169,397,477,-80,2419500,2014200,405300,-,
26/07/2024,35650000,35650000,10600,11600,9600,368992,3923,385,10500,10800,10800,10400,400,10582,10800,200.0,1.89,3478,2647,531708,390708.0,368992,3923,259,287,-28,900700,759700,141000,-,
25/07/2024,35650000,35650000,10300,11300,9300,443476,4585,378,10400,10600,10600,10200,400,10305,10600,300.0,2.91,3739,2427,565924,202124.0,443476,4585,270,266,4,1009400,645600,363800,-,
24/07/2024,35650000,35650000,10100,11100,9100,589658,5941,367,10000,10300,10300,9900,400,10066,10300,200.0,1.98,3557,3650,801242,428742.0,589658,5941,391,279,112,1390900,1018400,372500,-,
23/07/2024,35650000,35650000,10300,11300,9300,1086828,10996,360,10200,10100,10400,10000,400,10118,10100,-200.0,-1.94,3270,6976,449972,922272.0,1086828,10996,470,288,182,1536800,2009100,-472300,-,
22/07/2024,35650000,35650000,10700,11700,9700,817724,8392,367,10700,10300,10700,10000,700,10262,10300,-400.0,-3.74,1905,4015,548376,808276.0,817724,8392,717,405,312,1366100,1626000,-259900,-,
19/07/2024,35650000,35650000,10600,11600,9600,893845,9757,381,10700,10700,11100,10600,500,10927,10700,100.0,0.94,1911,3902,439955,1002755.0,893845,9757,698,486,212,1333800,1896600,-562800,-,
18/07/2024,35650000,35650000,13200,14500,11900,2028336,25862,453,13200,12700,13500,12300,1200,12754,10600,-500.0,-3.79,2348,4394,629464,1222964.0,2028336,25862,1132,740,392,2657800,3251300,-593500,-,
17/07/2024,35650000,35650000,14000,15400,12600,1628486,22782,471,14400,13200,14900,12900,2000,14015,11000,-800.0,-5.71,1348,3442,204714,1397314.0,1628486,22782,1360,879,481,1833200,3025800,-1192600,-,
16/07/2024,35650000,35650000,12800,14000,11600,3427025,47580,499,12800,14000,14000,12800,1200,13883,11700,1200.0,9.38,2439,4376,389975,,3427025,47580,1565,783,782,3817000,3426400,390600,-,
15/07/2024,35650000,35650000,12600,13800,11400,1073201,13683,456,12700,12800,13000,12600,400,12748,10700,200.0,1.59,2335,4544,446999,598899.0,1073201,13683,651,368,283,1520200,1672100,-151900,-,
12/07/2024,35650000,35650000,12800,14000,11600,277911,3525,449,12800,12600,12800,12600,200,12690,10500,-200.0,-1.56,2366,2919,320689,562689.0,277911,3525,253,288,-35,598600,840600,-242000,-,
11/07/2024,35650000,35650000,12900,14100,11700,849459,10995,456,12900,12800,13100,12700,400,12946,10700,-100.0,-0.78,4997,3518,454841,888441.0,849459,10995,261,494,-233,1304300,1737900,-433600,-,
10/07/2024,35650000,35650000,12800,14000,11600,1064565,13687,460,12900,12900,13000,12700,300,12850,10800,100.0,0.78,6531,3109,600735,860035.0,1064565,13687,255,619,-364,1665300,1924600,-259300,-,
09/07/2024,35650000,35650000,12700,13900,11500,788685,10053,456,12700,12800,12900,12600,300,12746,10700,100.0,0.79,7161,2550,478815,914615.0,788685,10053,177,668,-491,1267500,1703300,-435800,-,
08/07/2024,35650000,35650000,12300,13500,11100,701150,8781,453,12400,12700,12700,12300,400,12514,10600,400.0,3.25,3306,2345,396550,424250.0,701150,8781,332,480,-148,1097700,1125400,-27700,-,
05/07/2024,35650000,35650000,12000,13200,10800,1315762,15914,438,12000,12300,12300,11900,400,12091,10300,300.0,2.5,2976,6150,520638,572438.0,1315762,15914,617,307,310,1836400,1888200,-51800,-,
04/07/2024,35650000,35650000,12200,13400,11000,1144836,13782,428,12000,12000,12300,11900,400,12041,10000,-200.0,-1.64,1902,6954,255364,941264.0,1144836,13782,736,300,436,1400200,2086100,-685900,-,
03/07/2024,35650000,35650000,12300,13500,11100,332590,4078,435,12400,12200,12400,12200,200,12266,10200,-100.0,-0.81,1649,5108,345110,673710.0,332590,4078,411,197,214,677700,1006300,-328600,-,
02/07/2024,35650000,35650000,12300,13500,11100,541012,6686,438,12300,12300,12500,12200,300,12360,10300,,,2043,5376,292688,491088.0,541012,6686,408,192,216,833700,1032100,-198400,-,
01/07/2024,35650000,35650000,12400,13600,11200,301946,3734,438,12400,12300,12600,12300,300,12374,10300,-100.0,-0.81,1652,4816,338954,545754.0,301946,3734,388,176,212,640900,847700,-206800,-,
28/06/2024,35650000,35650000,13000,14300,11700,613172,7727,442,12900,12400,13000,12400,600,12641,10300,-600.0,-4.62,2246,5088,361728,1009928.0,613172,7727,434,319,115,974900,1623100,-648200,-,
27/06/2024,35650000,35650000,13100,14400,11800,1111619,14628,463,13100,13000,13300,12900,400,13162,10900,-100.0,-0.76,4911,4366,386381,992781.0,1111619,14628,305,482,-177,1498000,2104400,-606400,-,
26/06/2024,35650000,35650000,13000,14300,11700,525130,6809,467,13200,13100,13200,12800,400,12938,10900,100.0,0.77,5805,3752,717170,784370.0,525130,6809,214,349,-135,1242300,1309500,-67200,-,
25/06/2024,35650000,35650000,12700,13900,11500,640960,8237,463,12800,13000,13000,12700,300,12844,10900,300.0,2.36,5457,3632,876040,488640.0,640960,8237,278,311,-33,1517000,1129600,387400,-,
24/06/2024,35650000,35650000,13100,14400,11800,1546805,19629,453,13000,12700,13000,12500,500,12689,10600,-400.0,-3.05,3011,5240,304695,711495.0,1546805,19629,615,431,184,1851500,2258300,-406800,-,
21/06/2024,35650000,35650000,13400,14700,12100,1256775,16698,467,13600,13100,13600,13000,600,13304,10900,-300.0,-2.24,2627,4649,264225,1077125.0,1256775,16698,579,502,77,1521000,2333900,-812900,-,
20/06/2024,35650000,35650000,13100,14400,11800,1976072,26224,478,13200,13400,13500,13100,400,13263,11200,300.0,2.29,5285,3935,925328,920428.0,1976072,26224,549,736,-187,2901400,2896500,4900,-,
19/06/2024,35650000,35650000,13100,14400,11800,1062043,13768,467,13100,13100,13200,12900,300,12952,10900,,,7264,4122,979157,1122657.0,1062043,13768,281,530,-249,2041200,2184700,-143500,-,
18/06/2024,35650000,35650000,12900,14100,11700,1155414,15030,467,13000,13100,13200,12700,500,13001,10900,200.0,1.55,3760,3852,600386,916786.0,1155414,15030,467,538,-71,1755800,2072200,-316400,-,
17/06/2024,35650000,35650000,12600,13800,11400,1293979,16286,460,12600,12900,12900,12400,500,12554,10800,300.0,2.38,5149,5403,1275121,408021.0,1293979,16286,499,315,184,2569100,1702000,867100,-,
14/06/2024,35650000,35650000,13200,14500,11900,1462496,19253,449,13300,12600,13500,12600,900,13189,10500,-600.0,-4.55,3625,3772,473304,1309604.0,1462496,19253,534,735,-201,1935800,2772100,-836300,-,
13/06/2024,35650000,35650000,13000,14300,11700,1026303,13407,471,13000,13200,13200,12800,400,13028,11000,200.0,1.54,7752,2674,1748897,706697.0,1026303,13407,358,648,-290,2775200,1733000,1042200,-,
12/06/2024,35650000,35650000,12700,13900,11500,667186,8568,463,12800,13000,13000,12600,400,12830,10900,300.0,2.36,3400,2256,658914,571414.0,667186,8568,390,549,-159,1326100,1238600,87500,-,
11/06/2024,35650000,35650000,12600,13800,11400,710938,8932,453,12700,12700,12800,12400,400,12554,10600,100.0,0.79,3581,3168,660562,629262.0,710938,8932,383,423,-40,1371500,1340200,31300,-,
10/06/2024,35650000,35650000,12300,13500,11100,1380941,17320,449,12300,12600,12700,12300,400,12541,10500,300.0,2.44,3483,5278,419559,1068159.0,1380941,17320,517,464,53,1800500,2449100,-648600,-,
07/06/2024,35650000,35650000,12300,13500,11100,711201,8844,438,12300,12300,12600,12300,300,12446,10300,,,2045,6730,562699,1105799.0,711201,8844,623,270,353,1273900,1817000,-543100,-,
06/06/2024,35650000,35650000,12400,13600,11200,609300,7551,438,12400,12300,12600,12300,300,12404,10300,-100.0,-0.81,1520,5455,417900,618000.0,609300,7551,676,225,451,1027200,1227300,-200100,-,
05/06/2024,35650000,35650000,12900,14100,11700,1351541,17047,442,12900,12400,12900,12400,500,12624,10300,-500.0,-3.88,2089,7330,449059,686059.0,1351541,17047,862,278,584,1800600,2037600,-237000,-,
04/06/2024,35650000,35650000,12900,14100,11700,807556,10311,460,12900,12900,12900,12600,300,12763,10800,,,2369,6064,398444,708544.0,807556,10311,509,250,259,1206000,1516100,-310100,-,
03/06/2024,35650000,35650000,13100,14400,11800,1049092,13972,460,13200,12900,13500,12900,600,13327,10800,-200.0,-1.53,4718,3577,508008,914608.0,1049092,13972,330,549,-219,1557100,1963700,-406600,-,
31/05/2024,35650000,35650000,13200,14500,11900,913535,11920,467,13300,13100,13300,12900,400,13037,10900,-100.0,-0.76,5982,3548,701565,991965.0,913535,11920,270,537,-267,1615100,1905500,-290400,-,
30/05/2024,35650000,35650000,13000,14300,11700,816335,10528,471,13000,13200,13200,12700,500,12875,11000,200.0,1.54,4829,2942,1076565,634065.0,816335,10528,392,493,-101,1892900,1450400,442500,-,
29/05/2024,35650000,35650000,12500,13700,11300,1796442,22834,463,12700,13000,13300,12400,900,12706,10900,500.0,4.0,4231,4147,775058,546658.0,1746442,22209,596,553,43,2521500,2293100,228400,50000,625.0
28/05/2024,35650000,35650000,12300,13500,11100,549703,6830,446,12200,12500,12600,12100,500,12419,10400,200.0,1.63,2234,7116,569397,795297.0,549703,6830,501,189,312,1119100,1345000,-225900,-,
27/05/2024,35650000,35650000,12500,13700,11300,793500,9779,438,12800,12300,12800,12200,600,12325,10300,-200.0,-1.6,1890,6410,572900,623200.0,793500,9779,723,221,502,1366400,1416700,-50300,-,
24/05/2024,35650000,35650000,13500,14800,12200,1641108,21540,446,13500,12500,13800,12200,1600,13137,10400,-1000.0,-7.41,2917,3985,371792,801892.0,1641108,21540,690,613,77,2012900,2443000,-430100,-,
23/05/2024,35650000,35650000,13200,14500,11900,2123110,28147,481,13100,13500,13500,13000,500,13251,11300,300.0,2.27,7114,4966,1149190,439090.0,2123110,28147,460,516,-56,3272300,2562200,710100,-,
22/05/2024,35650000,35650000,13200,14500,11900,1613901,21129,471,13100,13200,13300,13000,300,13090,11000,,,4628,4390,732299,677499.0,1613901,21129,507,522,-15,2346200,2291400,54800,-,
21/05/2024,35650000,35650000,12300,13500,11100,2194332,28167,471,12200,13200,13500,12200,1300,12828,11000,900.0,7.32,4270,3193,1362468,637768.0,2194332,28167,833,887,-54,3556800,2832100,724700,-,
20/05/2024,35650000,35650000,12000,13200,10800,1165213,14122,438,11900,12300,12400,11900,500,12115,10300,300.0,2.5,4416,5562,676387,1070887.0,1165213,14122,417,402,15,1841600,2236100,-394500,-,
17/05/2024,35650000,35650000,12000,13200,10800,572910,6875,428,12000,12000,12100,11900,200,12000,10000,,,2934,4783,618190,794990.0,572910,6875,406,286,120,1191100,1367900,-176800,-,
16/05/2024,35650000,35650000,12100,13300,10900,1009707,12305,428,12100,12000,12300,12000,300,12199,10000,-100.0,-0.83,3789,5452,301293,1034893.0,1009707,12305,346,375,-29,1311000,2044600,-733600,-,
15/05/2024,35650000,35650000,12200,13400,11000,399057,4883,431,12300,12100,12400,12100,300,12245,10100,-100.0,-0.82,1921,5143,238643,1164543.0,399057,4883,332,304,28,637700,1563600,-925900,-,
14/05/2024,35650000,35650000,12000,13200,10800,2719959,33431,435,12100,12200,12500,12100,400,12292,10200,200.0,1.67,3492,6515,551941,941441.0,2719959,33431,937,562,375,3271900,3661400,-389500,-,
13/05/2024,35650000,35650000,12200,13400,11000,970909,11679,428,12300,12000,12300,11900,400,12034,10000,-200.0,-1.64,5277,5447,411591,750291.0,970909,11679,262,316,-54,1382500,1721200,-338700,-,
10/05/2024,35650000,35650000,11800,12900,10700,825042,9934,435,11800,12200,12300,11700,600,12023,10200,400.0,3.39,6096,3517,845358,620558.0,825042,9934,274,411,-137,1670400,1445600,224800,-,
09/05/2024,35650000,35650000,11900,13000,10800,319302,3769,421,12200,11800,12200,11700,500,11806,9800,-100.0,-0.84,4064,3619,546298,1001598.0,319302,3769,213,365,-152,865600,1320900,-455300,-,
08/05/2024,35650000,35650000,11500,12600,10400,1260425,14739,424,11400,11900,12000,11400,600,11670,9900,400.0,3.48,4189,4566,641175,442675.0,1260425,14739,454,373,81,1901600,1703100,198500,-,
07/05/2024,35650000,35650000,11400,12500,10300,231734,2662,410,11500,11500,11500,11400,100,11481,9600,100.0,0.88,2223,7824,515166,879266.0,231734,2662,336,142,194,746900,1111000,-364100,-,
06/05/2024,35650000,35650000,11400,12500,10300,388221,4459,406,11400,11400,11600,11400,200,11493,9500,,,2374,8029,440379,800079.0,388221,4459,349,148,201,828600,1188300,-359700,-,
03/05/2024,35650000,35650000,11500,12600,10400,256867,2943,406,11500,11400,11600,11400,200,11471,9500,-100.0,-0.87,1986,5896,291333,486033.0,256867,2943,276,126,150,548200,742900,-194700,-,
02/05/2024,35650000,35650000,11500,12600,10400,238400,2740,410,11500,11500,11600,11400,200,11495,9600,,,1695,6728,224200,521900.0,238400,2740,273,113,160,462600,760300,-297700,-,
26/04/2024,35650000,35650000,11600,12700,10500,176550,2039,410,11600,11500,11700,11500,200,11559,9600,-100.0,-0.86,1912,4899,347350,484850.0,176550,2039,274,135,139,523900,661400,-137500,-,
25/04/2024,35650000,35650000,11700,12800,10600,307640,3570,414,11700,11600,11700,11500,200,11606,9700,-100.0,-0.85,1860,7235,229760,755960.0,307640,3570,289,147,142,537400,1063600,-526200,-,
24/04/2024,35650000,35650000,11800,12900,10700,368505,4338,417,11900,11700,12000,11700,300,11782,9800,-100.0,-0.85,2566,6360,201195,795395.0,368505,4338,222,183,39,569700,1163900,-594200,-,
23/04/2024,35650000,35650000,12200,13400,11000,984124,11783,421,12100,11800,12200,11700,500,11978,9800,-400.0,-3.28,5225,5607,311776,832576.0,984124,11783,248,324,-76,1295900,1816700,-520800,-,
22/04/2024,35650000,35650000,11800,12900,10700,640198,7677,435,11800,12200,12200,11800,400,11974,10200,400.0,3.39,9724,4245,750402,255402.0,640198,7677,143,211,-68,1390600,895600,495000,-,
19/04/2024,35650000,35650000,11800,12900,10700,781008,9110,421,11800,11800,11800,11500,300,11658,9800,,,5211,6201,328992,626692.0,781008,9110,213,227,-14,1110000,1407700,-297700,-,
17/04/2024,35650000,35650000,12000,13200,10800,929571,11303,421,12000,11800,12500,11800,700,12170,9800,-200.0,-1.67,2774,3776,268829,818529.0,929571,11303,432,463,-31,1198400,1748100,-549700,-,
16/04/2024,35650000,35650000,11700,12800,10600,1009400,11958,428,11600,12000,12200,11500,700,11842,10000,300.0,2.56,6372,3417,781100,405200.0,1009400,11958,281,414,-133,1790500,1414600,375900,-,
15/04/2024,35650000,35650000,12000,13200,10800,528452,6214,417,11900,11700,11900,11600,300,11769,9800,-300.0,-2.5,4014,3335,254248,568648.0,528452,6214,195,329,-134,782700,1097100,-314400,-,
12/04/2024,35650000,35650000,11600,12700,10500,694838,8140,428,11600,12000,12000,11600,400,11702,10000,400.0,3.45,3931,5093,641662,573362.0,694838,8140,340,249,91,1336500,1268200,68300,-,
11/04/2024,35650000,35650000,11900,13000,10800,571307,6712,414,12000,11600,12000,11600,400,11755,9700,-300.0,-2.52,2743,4403,350393,753893.0,571307,6712,336,301,35,921700,1325200,-403500,-,
10/04/2024,35650000,35650000,12400,13600,11200,1276726,15702,424,12300,11900,12700,11900,800,12309,9900,-500.0,-4.03,4052,3182,481774,1068274.0,1276726,15702,434,737,-303,1758500,2345000,-586500,-,
09/04/2024,35650000,35650000,11300,12400,10200,1697039,20014,442,11300,12400,12400,11200,1200,11519,10300,1100.0,9.73,8528,4108,614061,61361.0,1697039,20014,271,428,-157,2311100,1758400,552700,-,
08/04/2024,35650000,35650000,11300,12400,10200,451627,5112,403,11300,11300,11500,11300,200,11320,9400,,,3302,5895,439873,750873.0,451627,5112,270,204,66,891500,1202500,-311000,-,
05/04/2024,35650000,35650000,11400,12500,10300,479603,5468,403,11400,11300,11600,11300,300,11412,9400,-100.0,-0.88,2827,4361,390997,553897.0,479603,5468,308,237,71,870600,1033500,-162900,-,
04/04/2024,35650000,35650000,11500,12600,10400,204300,2330,406,11500,11400,11500,11400,100,11408,9500,-100.0,-0.87,2395,4789,420700,796600.0,204300,2330,261,209,52,625000,1000900,-375900,-,
03/04/2024,35650000,35650000,11600,12700,10500,498179,5788,410,11700,11500,11700,11500,200,11619,9600,-100.0,-0.86,3354,4211,564921,823921.0,498179,5788,317,314,3,1063100,1322100,-259000,-,
02/04/2024,35650000,35650000,11700,12800,10600,141617,1637,414,11600,11600,11600,11500,100,11555,9700,-100.0,-0.85,3189,3889,499383,869583.0,141617,1637,201,260,-59,641000,1011200,-370200,-,
01/04/2024,35650000,35650000,11700,12800,10600,174722,2030,417,11800,11700,11800,11500,300,11608,9800,,,3326,2571,447178,689078.0,174722,2030,187,336,-149,621900,863800,-241900,-,
29/03/2024,35650000,35650000,11600,12700,10500,1190687,13935,417,11600,11700,11800,11500,300,11704,9800,100.0,0.86,7931,3977,768313,662413.0,1190687,13935,247,466,-219,1959000,1853100,105900,-,
28/03/2024,35650000,35650000,11600,12700,10500,234520,2717,414,11700,11600,11700,11400,300,11579,9700,,,3949,2585,602580,633980.0,234520,2717,212,336,-124,837100,868500,-31400,-,
27/03/2024,35650000,35650000,11400,12500,10300,564598,6450,414,11400,11600,11600,11300,300,11410,9700,200.0,1.75,3864,4165,698902,468402.0,564598,6450,327,248,79,1263500,1033000,230500,-,
26/03/2024,35650000,35650000,11300,12400,10200,336006,3831,406,11300,11400,11500,11300,200,11400,9500,100.0,0.88,1951,4266,370394,512894.0,336006,3831,362,199,163,706400,848900,-142500,-,
25/03/2024,35650000,35650000,11500,12600,10400,421083,4805,403,11500,11300,11500,11300,200,11416,9400,-200.0,-1.74,1951,4737,375117,611517.0,421083,4805,408,218,190,796200,1032600,-236400,-,
22/03/2024,35650000,35650000,11700,12800,10600,423865,4887,410,11700,11500,11700,11500,200,11532,9600,-200.0,-1.71,1685,3580,415135,574835.0,423865,4887,498,279,219,839000,998700,-159700,-,
21/03/2024,35650000,35650000,11800,12900,10700,479266,5617,417,11800,11700,11900,11500,400,11721,9800,-100.0,-0.85,2224,2969,386034,761634.0,479266,5617,389,418,-29,865300,1240900,-375600,-,
20/03/2024,35650000,35650000,11700,12800,10600,405641,4770,421,11700,11800,11900,11600,300,11757,9800,100.0,0.85,3746,2586,302259,641759.0,405641,4770,189,405,-216,707900,1047400,-339500,-,
19/03/2024,35650000,35650000,11500,12600,10400,422213,4913,417,11500,11700,11700,11500,200,11633,9800,200.0,1.74,2948,2744,415087,321487.0,422213,4913,284,271,13,837300,743700,93600,-,
18/03/2024,35650000,35650000,11400,12500,10300,742390,8423,410,11400,11500,11500,11300,200,11343,9600,100.0,0.88,2597,4085,421210,315610.0,742390,8423,448,259,189,1163600,1058000,105600,-,
15/03/2024,35650000,35650000,11400,12500,10300,495900,5646,406,11400,11400,11500,11300,200,11385,9500,,,2001,5962,380400,672600.0,495900,5646,438,196,242,876300,1168500,-292200,-,
14/03/2024,35650000,35650000,11500,12600,10400,295630,3395,406,11500,11400,11600,11400,200,11491,9500,-100.0,-0.87,1784,4637,277170,789470.0,295630,3395,321,234,87,572800,1085100,-512300,-,
13/03/2024,35650000,35650000,11400,12500,10300,445720,5109,410,11400,11500,11600,11400,200,11457,9600,100.0,0.88,1757,5508,351880,523680.0,445720,5109,454,176,278,797600,969400,-171800,-,
12/03/2024,35650000,35650000,11400,12500,10300,279909,3191,406,11400,11400,11500,11300,200,11400,9500,,,1889,5953,364091,595191.0,279909,3191,341,147,194,644000,875100,-231100,-,
11/03/2024,35650000,35650000,11400,12500,10300,600800,6908,406,11400,11400,11600,11300,300,11452,9500,,,1419,6176,236300,562700.0,400800,4588,449,156,293,637100,963500,-326400,200000,2320.0
08/03/2024,35650000,35650000,11700,12800,10600,501900,5815,406,11800,11400,11800,11400,400,11601,9500,-300.0,-2.56,1709,5259,253400,523600.0,501900,5815,442,195,247,755300,1025500,-270200,-,
07/03/2024,35650000,35650000,11800,12900,10700,411520,4827,417,11900,11700,11900,11600,300,11730,9800,-100.0,-0.85,2003,4617,461880,484180.0,411520,4827,436,194,242,873400,895700,-22300,-,
06/03/2024,35650000,35650000,12300,13500,11100,453528,5385,421,12200,11800,12200,11700,500,11877,9800,-500.0,-4.07,2441,3215,718172,523972.0,453528,5385,480,304,176,1171700,977500,194200,-,
05/03/2024,35650000,35650000,12300,13500,11100,544710,6618,438,12400,12300,12400,12000,400,12144,10300,,,3347,3439,442590,610690.0,544710,6618,295,336,-41,987300,1155400,-168100,-,
04/03/2024,35650000,35650000,12000,13200,10800,1717347,21098,438,12000,12300,12600,11900,700,12285,10300,300.0,2.5,5562,3121,513153,498453.0,1717347,21098,401,710,-309,2230500,2215800,14700,-,
01/03/2024,35650000,35650000,11900,13000,10800,430128,5081,428,11900,12000,12000,11700,300,11787,10000,100.0,0.84,5510,2551,776572,700172.0,430128,5081,219,443,-224,1206700,1130300,76400,-,
29/02/2024,35650000,35650000,11700,12800,10600,686644,8159,424,11800,11900,12100,11700,400,11882,9900,200.0,1.71,5346,2581,762156,880256.0,686644,8159,271,607,-336,1448800,1566900,-118100,-,
28/02/2024,35650000,35650000,11400,12500,10300,808930,9311,417,11400,11700,11700,11400,300,11497,9800,300.0,2.63,3038,5167,712870,792970.0,808930,9311,501,310,191,1521800,1601900,-80100,-,
27/02/2024,35650000,35650000,11400,12500,10300,549520,6263,406,11400,11400,11500,11300,200,11398,9500,,,2015,7333,371280,748380.0,549520,6263,457,177,280,920800,1297900,-377100,-,
26/02/2024,35650000,35650000,11600,12700,10500,465201,5328,406,11600,11400,11600,11400,200,11462,9500,-200.0,-1.72,1616,7997,305599,774299.0,465201,5328,477,155,322,770800,1239500,-468700,-,
23/02/2024,35650000,35650000,11900,13000,10800,1525112,18375,414,11800,11600,12400,11600,800,12062,9700,-300.0,-2.52,2461,3843,251388,976488.0,1525112,18375,722,651,71,1776500,2501600,-725100,-,
22/02/2024,35650000,35650000,12000,13200,10800,411373,4870,424,12000,11900,12000,11700,300,11833,9900,-100.0,-0.83,4137,3340,606327,647327.0,411373,4870,246,317,-71,1017700,1058700,-41000,-,
21/02/2024,35650000,35650000,11900,13000,10800,710869,8507,428,11900,12000,12100,11700,400,11964,10000,100.0,0.84,3820,3325,530631,1038231.0,710869,8507,325,526,-201,1241500,1749100,-507600,-,
20/02/2024,35650000,35650000,11400,12500,10300,1228201,14190,424,11400,11900,11900,11300,600,11543,9900,500.0,4.39,3184,3956,506971,362115.0,1228201,14190,545,402,143,1735172,1590316,144856,-,
19/02/2024,35650000,35650000,11500,12600,10400,270112,3083,406,11500,11400,11500,11300,200,11413,9500,-100.0,-0.87,1630,4148,362192,538721.0,270112,3083,388,195,193,632304,808833,-176529,-,
16/02/2024,35650000,35650000,11600,12700,10500,226454,2606,410,11600,11500,11600,11400,200,11511,9600,-100.0,-0.86,3547,3757,408543,491100.0,226454,2606,179,191,-12,634997,717554,-82557,-,
15/02/2024,35650000,35650000,11600,12700,10500,403708,4693,414,11600,11600,11700,11500,200,11625,9700,,,4035,3344,387068,435700.0,403708,4693,196,251,-55,790776,839408,-48632,-,
07/02/2024,35650000,35650000,11400,12500,10300,219601,2514,414,11400,11600,11600,11300,300,11420,9700,200.0,1.75,3318,2952,314596,450402.0,219601,2514,161,227,-66,534197,670003,-135806,-,
06/02/2024,35650000,35650000,11300,12400,10200,281406,3190,406,11400,11400,11500,11200,300,11328,9500,100.0,0.88,2908,3713,297292,368402.0,281406,3190,199,175,24,578698,649808,-71110,-,
05/02/2024,35650000,35650000,11200,12300,10100,158509,1790,403,11400,11300,11400,11200,200,11293,9400,100.0,0.89,1910,3601,248219,464402.0,158509,1790,213,173,40,406728,622911,-216183,-,
02/02/2024,35650000,35650000,11300,12400,10200,199600,2259,399,11300,11200,11400,11200,200,11333,9300,-100.0,-0.88,1976,4521,215396,537402.0,199600,2259,210,163,47,414996,737002,-322006,-,
01/02/2024,35650000,35650000,11300,12400,10200,283600,3203,403,11400,11300,11500,11200,300,11292,9400,,,1851,3945,321714,489602.0,283600,3203,327,196,131,605314,773202,-167888,-,
31/01/2024,35650000,35650000,11700,12800,10600,450800,5192,403,11600,11300,11700,11300,400,11473,9400,-400.0,-3.42,1877,5128,327469,784602.0,430800,4940,404,237,167,758269,1215402,-457133,20000,252.0
30/01/2024,35650000,35650000,11700,12800,10600,526606,6187,417,11700,11700,11900,11600,300,11749,9800,,,4905,4966,513330,844100.0,526606,6187,212,276,-64,1039936,1370706,-330770,-,
29/01/2024,35650000,35650000,11800,12900,10700,569128,6681,417,11800,11700,11900,11600,300,11746,9800,-100.0,-0.85,4822,3954,448218,723809.0,569128,6681,211,327,-116,1017346,1292937,-275591,-,
26/01/2024,35650000,35650000,11900,13000,10800,158614,1869,421,11900,11800,11900,11700,200,11770,9800,-100.0,-0.84,5351,3084,702837,788095.0,158614,1869,161,307,-146,861451,946709,-85258,-,
25/01/2024,35650000,35650000,11800,12900,10700,296902,3497,424,11800,11900,11900,11600,300,11746,9900,100.0,0.85,4496,2801,559398,712065.0,186902,2199,166,321,-155,746300,898967,-152667,110000,1298.0
24/01/2024,35650000,35650000,11700,12800,10600,236000,2755,421,11600,11800,11800,11600,200,11660,9800,100.0,0.85,4227,3085,550199,541400.0,236000,2755,186,252,-66,786199,777400,8799,-,
23/01/2024,35650000,35650000,11700,12800,10600,267100,3112,417,11600,11700,11800,11600,200,11640,9800,,,4498,2588,664073,553170.0,267100,3112,207,317,-110,931173,820270,110903,-,
22/01/2024,35650000,35650000,11600,12700,10500,406552,4743,417,11600,11700,11800,11500,300,11661,9800,100.0,0.86,3973,3103,590618,536865.0,406552,4743,251,304,-53,997170,943417,53753,-,
19/01/2024,35650000,35650000,11500,12600,10400,633500,7271,414,11500,11600,11600,11400,200,11462,9700,100.0,0.87,3819,5544,393713,791310.0,633500,7271,269,257,12,1027213,1424810,-397597,-,
18/01/2024,35650000,35650000,11300,12400,10200,453720,5173,410,11300,11500,11600,11200,400,11389,9600,200.0,1.77,2701,5945,786083,735301.0,453720,5173,459,200,259,1239803,1189021,50782,-,
17/01/2024,35650000,35650000,11600,12700,10500,201100,2299,403,11500,11300,11600,11300,300,11456,9400,-300.0,-2.59,1973,4742,339466,747200.0,201100,2299,274,200,74,540566,948300,-407734,-,
16/01/2024,35650000,35650000,11600,12700,10500,287910,3324,414,11800,11600,11800,11400,400,11538,9700,,,2192,4290,444377,664500.0,287910,3324,334,222,112,732287,952410,-220123,-,
15/01/2024,35650000,35650000,12000,13200,10800,951250,11388,414,12000,11600,12200,11600,600,11980,9700,-400.0,-3.33,4003,4037,634079,893600.0,951250,11388,396,457,-61,1585329,1844850,-259521,-,
12/01/2024,35650000,35650000,11900,13000,10800,961901,11326,428,11700,12000,12100,11500,600,11743,10000,100.0,0.84,3549,2889,510739,450600.0,961901,11326,415,489,-74,1472640,1412501,60139,-,
11/01/2024,35650000,35650000,11600,12700,10500,759600,8796,424,11500,11900,11900,11400,500,11542,9900,300.0,2.59,3692,2998,521398,334600.0,759600,8796,347,365,-18,1280998,1094200,186798,-,
10/01/2024,35650000,35650000,11400,12500,10300,592901,6738,414,11400,11600,11600,11200,400,11348,9700,200.0,1.75,3923,3960,642689,440600.0,592901,6738,315,261,54,1235590,1033501,202089,-,
09/01/2024,35650000,35650000,11100,12200,10000,817200,9089,406,11100,11400,11400,11000,400,11109,9500,300.0,2.7,2425,3972,405183,422000.0,817200,9089,504,312,192,1222383,1239200,-16817,-,
08/01/2024,35650000,35650000,11200,12300,10100,441903,4959,396,11200,11100,11400,11100,300,11233,9300,-100.0,-0.89,1336,5737,253061,757200.0,441903,4959,520,209,311,694964,1199103,-504139,-,
05/01/2024,35650000,35650000,11400,12500,10300,513612,5818,399,11500,11200,11500,11200,300,11337,9300,-200.0,-1.75,1726,3566,299118,570600.0,513612,5818,471,304,167,812730,1084212,-271482,-,
04/01/2024,35650000,35650000,11400,12500,10300,475005,5429,406,11300,11400,11600,11300,300,11431,9500,,,1736,3861,283646,405312.0,475005,5429,437,228,209,758651,880317,-121666,-,
03/01/2024,35650000,35650000,11500,12600,10400,166110,1870,406,11500,11400,11500,11400,100,11455,9500,-100.0,-0.87,1317,3337,279945,411212.0,136110,1558,316,164,152,416055,547322,-131267,30000,312.0
02/01/2024,35650000,35650000,11600,12700,10500,250223,2890,410,11600,11500,11700,11500,200,11554,9600,-100.0,-0.86,1687,3890,223744,488800.0,250223,2890,281,190,91,473967,739023,-265056,-,
29/12/2023,35650000,35650000,11600,12700,10500,188235,2184,414,11600,11600,11700,11500,200,11604,9700,,,1693,3342,238291,443400.0,188235,2184,252,189,63,426526,631635,-205109,-,
28/12/2023,35650000,35650000,11700,12800,10600,236923,2771,414,11700,11600,11700,11600,100,11697,9700,-100.0,-0.85,2268,3093,302924,292000.0,236923,2771,238,171,67,539847,528923,10924,-,
27/12/2023,35650000,35650000,11700,12800,10600,248301,2909,417,11800,11700,11900,11600,300,11718,9800,,,2062,2782,341313,391623.0,248301,2909,286,230,56,589614,639924,-50310,-,
26/12/2023,35650000,35650000,12000,13200,10800,522925,6205,417,12000,11700,12100,11700,400,11893,9800,-300.0,-2.5,2397,3859,275109,480524.0,522925,6205,333,260,73,798034,1003449,-205415,-,
25/12/2023,35650000,35650000,12000,13200,10800,391801,4631,428,12000,12000,12000,11700,300,11807,10000,,,2635,3189,351140,386300.0,391801,4631,282,244,38,742941,778101,-35160,-,
22/12/2023,35650000,35650000,11800,12900,10700,337200,4001,428,11800,12000,12000,11600,400,11832,10000,200.0,1.69,2847,2411,408787,347400.0,337200,4001,262,284,-22,745987,684600,61387,-,
21/12/2023,35650000,35650000,11300,12400,10200,686350,7886,421,11300,11800,11800,11200,600,11456,9800,500.0,4.42,2289,3851,364214,430500.0,686350,7886,459,290,169,1050564,1116850,-66286,-,
20/12/2023,35650000,35650000,11500,12600,10400,460803,5238,403,11500,11300,11600,11200,400,11369,9400,-200.0,-1.74,1455,2891,310353,259100.0,460803,5238,530,249,281,771156,719903,51253,-,
19/12/2023,35650000,35650000,11700,12800,10600,261600,3034,410,11700,11500,11900,11500,400,11626,9600,-200.0,-1.71,1136,2781,105261,289010.0,261600,3034,323,198,125,366861,550610,-183749,-,
18/12/2023,35650000,35650000,11900,13000,10800,228608,2697,417,11900,11700,11900,11700,200,11799,9800,-200.0,-1.68,1672,2544,268098,300500.0,228608,2697,297,208,89,496706,529108,-32402,-,
15/12/2023,35650000,35650000,12200,13400,11000,1065500,12741,424,12200,11900,12200,11800,400,11959,9900,-300.0,-2.46,1927,4966,210367,409500.0,1065500,12741,662,297,365,1275867,1475000,-199133,-,
14/12/2023,35650000,35650000,12500,13700,11300,498300,6145,435,12500,12200,12600,12200,400,12423,10200,-300.0,-2.4,1486,3802,54479,391400.0,498300,6145,372,234,138,552779,889700,-336921,-,
13/12/2023,35650000,35650000,12600,13800,11400,233100,2935,446,12700,12500,12700,12500,200,12598,10400,-100.0,-0.79,1497,2817,232545,431800.0,233100,2935,311,236,75,465645,664900,-199255,-,
12/12/2023,35650000,35650000,12600,13800,11400,172615,2179,449,12600,12600,12700,12600,100,12625,10500,,,1198,2544,189317,366800.0,172615,2179,302,212,90,361932,539415,-177483,-,
11/12/2023,35650000,35650000,12700,13900,11500,253298,3207,449,12800,12600,12900,12600,300,12667,10500,-100.0,-0.79,2023,2732,323185,394100.0,253298,3207,285,237,48,576483,647398,-70915,-,
08/12/2023,35650000,35650000,12800,14000,11600,127500,1627,453,12800,12700,12900,12700,200,12771,10600,-100.0,-0.78,1141,2122,161082,362780.0,127500,1627,253,231,22,288582,490280,-201698,-,
07/12/2023,35650000,35650000,12800,14000,11600,395837,5048,456,12800,12800,12900,12700,200,12751,10700,,,1485,2515,183202,268000.0,395837,5048,390,264,126,579039,663837,-84798,-,
06/12/2023,35650000,35650000,12800,14000,11600,312600,4000,456,12800,12800,12900,12700,200,12794,10700,,,1593,2795,306963,360900.0,312600,4000,389,241,148,619563,673500,-53937,-,
05/12/2023,35650000,35650000,13000,14300,11700,240604,3102,456,13000,12800,13000,12800,200,12894,10700,-200.0,-1.54,1225,1854,276326,410000.0,240604,3102,422,351,71,516930,650604,-133674,-,
04/12/2023,35650000,35650000,13000,14300,11700,206305,2679,463,13100,13000,13200,12900,300,12985,10900,,,1436,2093,217390,379800.0,206305,2679,295,280,15,423695,586105,-162410,-,
01/12/2023,35650000,35650000,13200,14500,11900,470302,6110,463,13200,13000,13200,12900,300,12991,10900,-200.0,-1.52,2648,3695,313427,401771.0,470302,6110,296,236,60,783729,872073,-88344,-,
30/11/2023,35650000,35650000,13200,14500,11900,573318,7486,471,13200,13200,13300,12900,400,13046,11000,,,2630,2911,223689,399000.0,573318,7486,303,334,-31,797007,972318,-175311,-,
29/11/2023,35650000,35650000,13100,14400,11800,478435,6221,471,13100,13200,13200,12900,300,12980,11000,100.0,0.76,3104,3782,337872,410308.0,478435,6221,263,235,28,816307,888743,-72436,-,
28/11/2023,35650000,35650000,13100,14400,11800,615803,8065,467,13100,13100,13300,12900,400,13096,10900,,,3699,2936,490239,373600.0,615803,8065,299,337,-38,1106042,989403,116639,-,
27/11/2023,35650000,35650000,13100,14400,11800,790001,10414,467,13000,13100,13300,13000,300,13185,10900,,,4245,3287,738169,445800.0,790001,10414,360,376,-16,1528170,1235801,292369,-,
24/11/2023,35650000,35650000,12900,14100,11700,686526,8783,467,12900,13100,13100,12700,400,12780,10900,200.0,1.55,3421,3681,452594,366300.0,686526,8783,333,286,47,1139120,1052826,86294,-,
23/11/2023,35650000,35650000,12900,14100,11700,1283706,16790,460,12900,12900,13400,12700,700,13084,10800,,,2448,4041,290159,866033.0,1283706,16790,643,532,111,1573865,2149739,-575874,-,
22/11/2023,35650000,35650000,12900,14100,11700,334613,4272,460,12900,12900,12900,12700,200,12752,10800,,,2008,2305,347963,347570.0,334613,4272,340,296,44,682576,682183,393,-,
21/11/2023,35650000,35650000,12900,14100,11700,458700,5863,460,12900,12900,12900,12700,200,12776,10800,,,2339,2898,285165,306300.0,458700,5863,318,264,54,743865,765000,-21135,-,
20/11/2023,35650000,35650000,12700,13900,11500,362431,4598,460,12600,12900,12900,12600,300,12665,10800,200.0,1.57,2543,2228,347078,305948.0,362431,4598,279,300,-21,709509,668379,41130,-,
17/11/2023,35650000,35650000,12900,14100,11700,464600,5992,453,13000,12700,13100,12600,500,12908,10600,-200.0,-1.55,2395,3176,613242,780500.0,464600,5992,450,392,58,1077842,1245100,-167258,-,
16/11/2023,35650000,35650000,12800,14000,11600,689259,8689,460,12800,12900,12900,12400,500,12597,10800,100.0,0.78,2189,3759,895425,344374.0,689259,8689,724,275,449,1584684,1033633,551051,-,
15/11/2023,35650000,35650000,13200,14500,11900,1008360,13109,456,13400,12800,13500,12800,700,13025,10700,-400.0,-3.03,1560,4771,141442,804759.0,1008360,13109,737,380,357,1149802,1813119,-663317,-,
14/11/2023,35650000,35650000,13000,14300,11700,318358,4204,471,13100,13200,13300,13000,300,13206,11000,200.0,1.54,2040,3106,238508,467384.0,318358,4204,273,253,20,556866,785742,-228876,-,
13/11/2023,35650000,35650000,13300,14600,12000,1178273,15382,463,13600,13000,13600,12900,700,13057,10900,-300.0,-2.26,1924,5454,318731,550588.0,1178273,15382,778,317,461,1497004,1728861,-231857,-,
10/11/2023,35650000,35650000,13500,14800,12200,559199,7505,474,13600,13300,13600,13300,300,13439,11100,-200.0,-1.48,1381,5048,196385,793763.0,559199,7505,547,268,279,755584,1352962,-597378,-,
09/11/2023,35650000,35650000,13800,15100,12500,758952,10371,481,14000,13500,14000,13500,500,13668,11300,-300.0,-2.17,1607,4799,277880,671055.0,758952,10371,645,298,347,1036832,1430007,-393175,-,
08/11/2023,35650000,35650000,13700,15000,12400,805536,11061,492,13800,13800,13900,13400,500,13728,11500,100.0,0.73,2665,5793,185671,712300.0,805536,11061,372,262,110,991207,1517836,-526629,-,
07/11/2023,35650000,35650000,13800,15100,12500,432010,5957,488,14000,13700,14000,13600,400,13792,11400,-100.0,-0.72,3817,5549,327617,727756.0,432010,5957,199,209,-10,759627,1159766,-400139,-,
06/11/2023,35650000,35650000,13500,14800,12200,579128,7965,492,13500,13800,14000,13500,500,13753,11500,300.0,2.22,5064,3896,692052,204056.0,579128,7965,251,201,50,1271180,783184,487996,-,
03/11/2023,35650000,35650000,14000,15400,12600,597410,8172,481,14000,13500,14000,13500,500,13827,11300,-500.0,-3.57,2218,5196,438345,400200.0,597410,8172,467,192,275,1035755,997610,38145,-,
02/11/2023,35650000,35650000,14000,15400,12600,373904,5267,499,14400,14000,14400,14000,400,14105,11700,,,2020,3643,155245,325462.0,373904,5267,262,192,70,529149,699366,-170217,-,
01/11/2023,35650000,35650000,14400,15800,13000,333600,4707,499,14400,14000,14700,13900,800,14116,11700,-400.0,-2.78,2352,3844,291997,385256.0,333600,4707,266,187,79,625597,718856,-93259,-,
31/10/2023,35650000,35650000,14500,15900,13100,836311,12321,513,14500,14400,15100,14300,800,14739,12000,-100.0,-0.69,3641,5155,314375,405956.0,836311,12321,316,241,75,1150686,1242267,-91581,-,
30/10/2023,35650000,35650000,14800,16200,13400,196510,2858,517,14800,14500,14800,14500,300,14567,12100,-300.0,-2.03,4954,3571,313711,317767.0,196510,2858,103,144,-41,510221,514277,-4056,-,
27/10/2023,35650000,35650000,14500,15900,13100,538213,7829,528,14500,14800,14800,14300,500,14527,12400,300.0,2.07,6772,4819,707876,256956.0,538213,7829,184,165,19,1246089,795169,450920,-,
26/10/2023,35650000,35650000,14700,16100,13300,748101,10672,517,14500,14500,14700,14100,600,14255,12100,-200.0,-1.36,4646,3252,487763,266556.0,748101,10672,266,312,-46,1235864,1014657,221207,-,
25/10/2023,35650000,35650000,15000,16500,13500,451100,6729,524,15000,14700,15300,14700,600,14948,12300,-300.0,-2.0,5832,3542,517064,522900.0,451100,6729,166,275,-109,968164,974000,-5836,-,
24/10/2023,35650000,35650000,14900,16300,13500,590801,8722,535,14900,15000,15100,14700,400,14913,12500,100.0,0.67,5548,4270,673004,545856.0,397801,5943,193,221,-28,1070805,943657,127148,193000,2779.0
23/10/2023,35650000,35650000,14800,16200,13400,493624,7185,531,14600,14900,14900,14200,700,14528,12400,100.0,0.68,4346,3278,697094,289856.0,493624,7185,274,239,35,1190718,783480,407238,-,
20/10/2023,35650000,35650000,14300,15700,12900,435455,6334,528,14100,14800,14900,14100,800,14484,12400,500.0,3.5,4408,2790,640104,404240.0,435455,6334,244,301,-57,1075559,839695,235864,-,
19/10/2023,35650000,35650000,14600,16000,13200,474935,6798,510,14600,14300,14600,14100,500,14318,11900,-300.0,-2.05,4008,3794,551232,253419.0,474935,6798,256,192,64,1026167,728354,297813,-,
18/10/2023,35650000,35650000,15600,17100,14100,1984330,29447,520,15600,14600,15700,14100,1600,14851,12200,-1000.0,-6.41,3301,4945,78785,468493.0,1984330,29447,625,496,129,2063115,2452823,-389708,-,
17/10/2023,35650000,35650000,15900,17400,14400,974755,15416,556,15900,15600,16100,15600,500,15852,13000,-300.0,-1.89,4761,4273,482071,734320.0,974755,15416,306,400,-94,1456826,1709075,-252249,-,
16/10/2023,35650000,35650000,15900,17400,14400,1343396,21050,567,15900,15900,16200,15300,900,15660,13300,,,3531,4139,662099,854601.0,1343396,21050,568,531,37,2005495,2197997,-192502,-,
13/10/2023,35650000,35650000,16200,17800,14600,1876848,29837,567,16100,15900,16600,15500,1100,15897,13300,-300.0,-1.85,3281,5324,892425,929024.0,1876848,29837,844,527,317,2769273,2805872,-36599,-,
12/10/2023,35650000,35650000,16100,17700,14500,2400883,39527,578,16500,16200,17500,15900,1600,16472,13500,100.0,0.62,3758,4512,876229,1037029.0,2400883,39527,872,762,110,3277112,3437912,-160800,-,
11/10/2023,35650000,35650000,14700,16100,13300,3179452,49047,574,14700,16100,16100,14500,1600,15421,13400,1400.0,9.52,4474,3749,2068344,16.0,3179452,49047,1173,848,325,5247796,3179468,2068328,-,
10/10/2023,35650000,35650000,14500,15900,13100,1289278,18682,524,14500,14700,14800,14200,600,14477,12300,200.0,1.38,3622,4496,822603,468837.0,1289278,18682,583,391,192,2111881,1758115,353766,-,
09/10/2023,35650000,35650000,14200,15600,12800,1319159,19213,517,14300,14500,14900,14100,800,14567,12100,300.0,2.11,3977,4305,526346,798729.0,1319159,19213,464,492,-28,1845505,2117888,-272383,-,
06/10/2023,35650000,35650000,14100,15500,12700,571471,8109,506,14200,14200,14400,14000,400,14190,11900,100.0,0.71,4306,3531,419005,600712.0,571471,8109,230,332,-102,990476,1172183,-181707,-,
05/10/2023,35650000,35650000,14000,15400,12600,487401,6890,503,14000,14100,14300,13900,400,14138,11800,100.0,0.71,3868,3650,614950,541929.0,487401,6890,285,282,3,1102351,1029330,73021,-,
04/10/2023,35650000,35650000,13800,15100,12500,1070800,14761,499,13800,14000,14100,13600,500,13772,11700,200.0,1.45,4547,6785,543254,550900.0,1070800,14761,355,239,116,1614054,1621700,-7646,-,
03/10/2023,35650000,35650000,14300,15700,12900,565400,7884,492,14300,13800,14300,13800,500,13959,11500,-500.0,-3.5,2951,5544,193111,798313.0,565400,7884,257,246,11,758511,1363713,-605202,-,
